80	100
0   50
1   50
2   51
3   51
4   52
5   52
6   53
7   53
8   54
9   54
10  55
11  57
12  57
13  57
14  58
15  58
16  58
17  62
18  59
19  60
20  60
21  61
22  63
23  63
24  64
25  65
26  65
27  65
28  66
29  66
30  66
31  67
32  68
33  69
34  70
35  70
36  70
37  70
38  71
39  75
40  79
41  79
42  79
43  77
44  78
45  78
46  78
47  73
48  76
49  74
50  51
50  53
50  54
51  52
52  53
52  57
53  55
54  55
54  58
55  56
56  57
56  62
57  59
58  60
58  61
59  62
59  65
60  61
60  63
60  71
61  62
61  63
62  69
63  64
63  66
65  69
66  67
66  68
67  68
67  72
68  69
68  72
69  70
69  73
69  75
70  78
71  72
71  74
71  79
72  73
72  74
73  74
73  77
74  76
75  77
75  78
76  77
76  79
77  78
78  79
